0 1 0 0 48.5371 0.1400
0 1 0 0 45.7785 0.1485
0 0 0 1 100.0157 0.0000
0 0 0 1 100.0091 0.0000
0 1 0 0 47.0665 0.1444
5 1 0 0 34.8068 0.1704
0 0 1 0 15.8174 0.0000
0 0 1 0 20.0806 0.0000
0 0 1 0 52.9519 0.0000
0 0 1 0 14.2716 0.0000
0 0 1 0 48.6394 0.0000
0 0 1 0 71.7532 0.0000
0 0 1 0 13.6909 0.0000
1 0 1 0 24.9632 0.0000
0 0 1 0 19.8938 0.0000
0 0 1 0 19.8666 0.0000
0 0 1 0 10.7440 0.0000
0 0 1 0 4.4316 0.0000
0 0 1 0 5.3009 0.0000
0 0 1 0 5.6518 0.0000
0 0 1 0 5.4593 0.0000
0 0 1 0 5.0340 0.0000
0 0 1 0 14.0317 0.0000
0 0 0 1 100.0109 0.0000
0 0 0 1 100.0066 0.0000
0 0 0 1 100.0052 0.0000
2 0 0 1 100.0012 0.0000
